488237.1523
586926.4682
385205.0958
360230.7693
850863.2409
270656.8484
772679.6142
857851.852
944271.2519
739166.7052
310480.884
390759.0853
511441.147
390361.7714
270964.0255
83647.91972
734131.4964
562027.7483
70877.22913
221260.8242
652865.9427
518106.0726
22994.02862
112651.281
966322.8935
744719.9391
292955.2623
137129.0566
641724.4887
155007.7594
781419.3365
234194.1768
621434.4756
270141.5812
746013.8843
798208.2413
943676.1565
727922.8663
914701.6612
992265.894
459889.6069
734393.7554
364250.949
17102.51601
591240.3521
297139.3672
779631.1731
137376.5011
792516.1188
588280.4425
566979.0768
624725.0905
893381.6422
322227.3669
89611.48098
624489.9397
869352.0693
723774.9559
519440.7322
854195.8502
161591.1446
432779.9915
928363.9488
285482.7437
263040.4448
172797.8119
171312.2557
468908.4545
852235.6291
249641.9647
665363.928
115863.0258
777366.7455
621763.9159
977567.1183
336978.1484
411490.4003
54533.06325
549261.1523
561613.4518
652963.6047
133913.1678
137500.8359
531885.6515
967123.262
170840.9715
430975.0941
92607.04082
58234.97257
148378.481
612260.0579
755832.6075
908748.2975
219694.6462
451516.3248
339282.1623
110764.4595
219123.3648
820163.0739
742069.981
32047.98139
735669.6966
521237.5869
696686.8422
771959.2736
900318.3377
739934.819
832086.8235
991503.99
966314.5333
458586.193
102863.329
382391.1824
165633.556
721546.832
905592.306
754249.5395
848045.8457
168568.1643
690827.602
116262.5723
876964.0887
485544.5546
872989.3677
877361.5887
489538.1961
811237.6286
11661.5119
774680.1165
848106.3243
477450.365
356672.4361
866604.4745
658913.3425
258924.7389
505913.0176
546723.9388
480896.5404
354233.1362
681901.1438
411003.9129
482885.1349
14413.19556
126187.326
775287.8428
500120.9677
771067.0766
204602.1533
68845.50321
806283.509
640553.1443
294208.7203
108709.267
429324.4893
517471.7131
593116.0614
551054.7937
312599.5046
763265.2179
43137.1618
224409.0187
507996.2434
745230.0214
910920.627
812404.6507
257035.9112
996953.5755
643155.1331
891567.9389
246452.489
156448.312
968194.3594
771248.1279
936150.1931
626774.3967
221434.9845
620659.8057
106551.6455
873835.1752
474792.2924
288239.0766
468285.5813
301998.5346
678382.4487
147198.0332
871708.0636
415400.718
30739.53192
820670.1301
163604.4833
136957.2219
530763.1798
54599.77218
97363.87104
779340.6287
659259.1012
463372.7769
623978.671
37988.3996
277731.8431
518778.3983
877757.1578
742671.5757
617928.8483
56148.24668
371435.2368
958594.7106
92439.72336
324541.8215
619654.6816
288961.1203
305984.5098
49828.46359
710690.9758
294805.8463
836520.6431
777913.2825
850473.2563
117898.7919
765729.4636
919049.4762
442431.6334
105044.3279
168655.1169
5788.672518
383789.2691
105640.3968
725920.8255
543070.4257
513815.4741
329888.0128
580652.3411
292058.1278
964231.3146
413022.0318
134235.0538
734791.3289
26079.34105
86420.29294
812880.5936
437701.6176
834373.7939
513408.8694
214052.4769
354495.3863
369925.3516
656989.9938
318625.924
236675.861
156240.7989
74969.37205
267406.8016
678367.2861
642099.3674
742519.613
599139.2622
208327.8471
873571.7036
64754.10467
169556.2876
304682.5795
757639.375
600215.0492
476580.8788
734585.1947
837230.0677
792471.9765
805546.2337
259818.7484
499605.8623
247982.3934
177764.8341
771466.2125
899304.1976
844783.6752
819736.4565
706610.7163
432157.2803
205027.8583
126105.9847
868038.9135
736665.0557
638391.2543
353024.6596
741756.2707
84566.25419
638253.8635
306995.8181
987874.474
434403.5675
437443.0092
809059.3745
946470.8667
577095.4544
774742.9645
510788.8747
957.6039009
712125.2833
599920.9863
820079.8399
895360.1432
218904.5242
832769.0536
355296.712
389610.97
378756.1512
949762.1975
222908.0186
821679.3854
798169.8765
581759.0305
836815.402
585086.8786
540665.1339
897742.9554
205692.8556
507077.6811
521106.6199
290303.9854
496509.1769
121128.1026
708434.422
115001.3977
244234.4181
492588.3302
555885.9129
561500.9668
948987.4637
540221.6332
117031.6014
124418.7225
823361.9617
880313.1105
985299.8105
654676.8941
931370.0073
62652.37344
467384.5264
353544.0116
707591.6078
674966.6721
901347.66
403285.738
825674.9704
116146.1031
807394.436
436043.6798
828294.6059
80059.38168
829692.7823
137972.9131
334427.1959
328810.8881
4377.233433
198305.0144
164057.094
360328.8815
359293.3996
297350.5137
910844.1145
591542.7443
362737.884
92556.5431
727036.2722
855338.1233
201718.507
249786.1567
903268.3446
753196.0615
882879.0438
621964.8863
369821.8228
567316.5276
515593.7522
597914.2437
935536.3409
126543.6592
594586.5964
447520.814
149618.8079
176392.7094
13823.34735
674277.3132
829052.1702
538212.9949
337888.7147
550815.7418
528379.6185
432506.1314
694362.6946
305659.8997
982219.7459
701951.9259
607795.3226
277361.068
985040.3919
30322.09237
392903.937
182295.3778
97181.71924
152356.4739
226201.1808
586996.437
851676.2864
179226.101
971767.6976
802171.0171
309209.9472
679221.1655
22105.30209
339927.593
458325.6865
41096.36371
43080.47592
662795.5833
504372.3277
319230.3389
16843.01644
497869.4506
688946.3172
546484.3248
271514.1375
431752.3064
423316.4463
96106.34051
4370.221741
927242.085
461420.9067
672933.7937
485069.1811
415037.5122
315897.4328
727855.7182
963092.7125
266221.0494
608011.8147
609854.496
369505.9914
896016.8361
807208.523
445976.0874
648214.5144
778366.1868
917377.292
952646.8183
929094.0375
756309.8765
22858.43062
361196.8978
549481.4557
60715.1835
259401.5502
738333.1386
918683.2135
870278.454
886244.138
418439.7098
397711.8671
396776.4966
124911.2532
701889.7804
894623.6366
750324.7047
82316.77312
95867.50104
521329.1822
711400.0347
732883.6635
948831.8559
497811.4787
462053.9324
281102.6484
967509.4599
300962.7055
90452.01144
702524.6939
632838.745
221593.3865
673981.2789
74425.68372
241753.4725
494224.4362
873203.8396
961393.9605
318132.584
934334.4563
945355.5716
467802.1803
268190.5046
571911.628
996273.0901
708872.8645
149603.5738
423131.428
346373.8818
983197.9063
583709.5874
670697.2718
562823.1226
897040.6894
826607.4748
145592.2522
542420.8206
721402.2562
175437.9135
864250.7648
521397.7599
908590.4976
109046.9781
62260.01546
798367.0214
123806.6706
659120.7823
704900.4195
739035.5403
939939.9294
209911.5557
322284.8165
223932.5106
339029.3532
185894.3086
114698.2936
234951.8248
677472.9257
710947.3737
913917.2467
511982.7394
888969.9582
819914.035
593154.5581
987968.9133
160851.3231
204795.299
258415.9859
544978.8988
361191.5903
957547.989
548758.9472
876066.0839
752305.2377
876023.0348
501068.8821
166220.1482
407244.5092
481641.4083
670766.0547
306850.6888
844039.477
646338.689
10601.82159
153400.9002
695885.7154
313682.9989
299101.4314
467101.2109
744977.0782
653400.3046
480241.862
929887.5389
371275.0004
620727.33
302990.4852
916358.2851
445317.7401
489870.3802
838829.5245
278947.7162
193407.1416
204310.2864
397128.7988
433342.711
88594.48145
334033.1271
224246.2968
156803.6237
608249.3012
82730.07303
865560.1206
559770.5249
556553.4949
956037.8604
428421.1015
139219.3852
261049.0561
35059.31914
803056.9629
505030.212
414502.9306
935080.1996
837379.7942
417419.996
932195.565
240352.4295
437340.1799
62341.04957
434384.9257
21530.72651
674980.9483
933070.7506
841989.1145
940320.6653
230755.8355
481229.2196
475357.4339
121115.348
579755.1274
940900.34
131580.8291
929999.2711
612352.8575
970418.5217
62364.04432
341057.1941
866597.6335
850757.2124
438663.1125
224129.5708
826857.0728
791713.9094
890041.2972
325697.2647
721881.4867
16804.31385
138989.0957
938707.8849
490467.5626
910164.2258
462476.0299
243592.5895
572563.3926
519587.5084
537007.512
1083.090287
415140.0844
201402.2113
803404.6377
877731.3818
743521.7585
550727.805
114284.1461
182487.2769
296071.7902
861709.4052
721043.2777
68989.65401
143262.9548
91582.40537
561434.0024
597397.1671
298585.6512
743754.3489
725481.6916
190895.4156
252800.6242
867551.3372
24429.15927
271449.8224
827663.6913
132993.7486
276133.8624
998802.7777
655671.068
454918.7129
902361.7448
399903.8524
596899.1765
952699.0913
333696.9854
960462.1578
658912.427
113347.4139
121614.9366
697747.0955
702513.8837
305984.6147
795929.0037
564989.714
86196.79894
442951.9093
42057.66324
884098.2282
857400.7295
315785.1666
445745.1729
162702.1047
543804.0455
998324.0565
855307.0613
341220.6942
976784.956
64436.27846
346655.6368
675709.2253
771880.9951
815425.7604
336028.1447
936403.6741
941973.2833
528957.5459
933176.0348
921407.8665
467309.4377
604334.4148
466785.1584
559624.4469
721725.6186
149742.5189
467431.0393
654655.2825
113850.6857
94651.59921
354469.659
931841.3061
670312.9216
538892.7117
196640.4262
904635.6155
117949.2974
185996.8102
394693.9448
828678.9832
947212.7292
618520.6375
597159.7121
753601.9896
947922.9237
401323.0089
557473.1792
187761.8497
125541.8185
60854.38455
906177.5991
633120.1552
756039.305
225594.157
402862.1734
783376.0398
907875.7785
512886.4283
127935.9509
294094.4868
257770.9847
938014.3104
492366.81
207631.8769
293003.3368
427797.0648
98546.88748
412621.2294
36805.46986
431513.352
12153.1561
588802.5148
786490.4735
469103.8392
993828.2936
417466.2301
222948.6372
135196.0337
28925.78379
136241.9995
825877.5633
112445.2653
206398.0531
597443.1097
643177.3375
423871.4006
355824.0025
281993.5734
527609.7698
752260.075
55346.79291
292024.0903
786267.9603
465061.7693
711041.5145
863641.6964
901815.0002
938609.9802
365753.2961
30135.43504
551451.0624
385106.7017
37451.80321
824610.7046
238076.163
241906.2838
994541.095
908971.0234
429853.1731
507860.5811
566486.7302
449613.9279
948342.9778
753126.1083
812028.318
310144.7758
403338.7638
339902.7358
864231.1822
40525.34655
794925.6113
468051.6185
927624.5204
871167.2725
945460.2176
840171.4449
576977.0145
607975.9743
240188.299
755869.5067
126566.7972
523690.3132
566119.6047
516401.6493
748060.2614
554120.7155
544455.5657
364782.5402
88013.33575
916636.4497
178372.7909
11465.81792
219103.6015
112309.3022
742993.47
377295.0513
871306.8369
257505.2647
843364.2119
303794.9558
986301.4097
909440.4001
341246.8892
386200.4945
235164.2434
518740.8008
738011.1925
474457.2457
746855.6774
59594.21197
644300.3661
775647.2028
405517.5335
645866.2687
128852.7774
839579.8173
291924.3345
461247.2978
726280.3567
649378.3428
285909.9079
782727.8651
125677.3213
558251.6192
714780.8407
774245.328
540677.2752
4502.489091
236078.6675
727623.91
716081.5245
58464.18851
497606.8028
514213.2147
281812.2347
813384.2159
305552.7084
358205.7241
519995.755
475471.6646
606697.5384
450289.7864
896753.3573
528146.6665
553468.1611
168461.2306
283225.7042
51295.5522
781300.5456
170189.2782
36893.47992
109322.7936
984706.9146
983948.8247
101109.0797
760074.4746
484690.5477
288151.3361
504097.6631
379852.7033
990134.688
45588.79412
897120.9843
244009.3829
924725.767
797177.985
304885.0592
933838.9426
195.4825459
847431.7968
343885.6165
712759.5894
16856.65384
620239.5462
560366.2519
642523.3849
871655.6519
892873.2991
484958.1291
904414.7941
65504.89874
417004.9637
201934.3679
972230.2931
706604.881
572777.5867
185245.9035
348303.9302
132542.6593
124666.0898
970654.1672
462145.0764
34252.16349
680957.6686
122938.0874
67694.62294
166930.535
480254.4056
277563.6809
685440.7558
222691.4399
310867.6842
976184.0468
673468.4672
44736.77132
692185.0533
890061.6788
174051.5961
237929.1832
986401.7116
198474.8499
533952.3471
475656.8139
75683.92678
231450.181
306773.9087
233513.7764
185483.249
443665.837
9500.625419
271078.1817
743958.3203
246559.5165
25316.48418
93561.29571
650041.5867
153571.7754
509926.3569
627647.1783
919790.9712
520911.7426
148554.5319
846869.766
730607.4257
33213.97451
565664.9585
582058.7064
231135.2231
703551.9367
308642.617
489905.4568
610582.3033
26599.87154
244374.9913
137024.1873
735706.1854
51253.84618
873939.6858
416377.6816
795710.3396
269259.0661
597179.0086
36337.70771
232173.9082
644351.2658
420267.1361
775186.2819
200560.319
502610.9656
321007.7801
332858.8651
711597.0387
352100.2517
865861.38
211442.3102
64327.09705
730277.0139
345510.6861
932213.9578